#1
(1,3)
[4,5]
(2,4)
[4,5]
(3,5)
[5,6]
(4,5,6,7,8)
[5,5,4,5,9]
#3
(2,3,8)
[7,6,8]
(4,8)
[7,7]
(4)
[6]
(4,6)
[7,8]
(1,2)
[1,4]
(2)
[4]
#4
(1,3,5)
[4,3,7]
(3)
[3]
(3,4,6,7)
[4,5,6,7]
(5,6,8)
[3,5,5]
#5
(1)
[3]
(2,4)
[4,5]
(3,8)
[4,4]
(5,6,8)
[3,3,3]
(4,6)
[5,4]
#6
(1,2,3)
[3,5,6]
(4,5)
[7,8]
(3,6)
[9,8]
#7
(3,5,6)
[4,5,4]
(4,7,8)
[4,6,4]
(1,3,4,5)
[3,3,4,5]
(4,6,8)
[4,6,5]
(1,3)
[3,3]
#8
(1,2,6)
[3,4,4]
(4,5,8)
[6,5,4]
(3,7)
[4,5]
(4,6)
[4,6]
(7,8)
[1,2]
#9
(4,6,2)
[2,4,6]
(4,6)
[2,3]
#10
(5,6)
[3,4]
